{
 "cells": [
  {
   "cell_type": "code",
   "execution_count": 1,
   "metadata": {},
   "outputs": [],
   "source": [
    "# Dependencies\n",
    "import pandas as pd"
   ]
  },
  {
   "cell_type": "markdown",
   "metadata": {},
   "source": [
    "# Find best batting Team"
   ]
  },
  {
   "cell_type": "code",
   "execution_count": 2,
   "metadata": {},
   "outputs": [
    {
     "data": {
      "text/html": [
       "<div>\n",
       "<style scoped>\n",
       "    .dataframe tbody tr th:only-of-type {\n",
       "        vertical-align: middle;\n",
       "    }\n",
       "\n",
       "    .dataframe tbody tr th {\n",
       "        vertical-align: top;\n",
       "    }\n",
       "\n",
       "    .dataframe thead th {\n",
       "        text-align: right;\n",
       "    }\n",
       "</style>\n",
       "<table border=\"1\" class=\"dataframe\">\n",
       "  <thead>\n",
       "    <tr style=\"text-align: right;\">\n",
       "      <th></th>\n",
       "      <th>playerID</th>\n",
       "      <th>yearID</th>\n",
       "      <th>stint</th>\n",
       "      <th>teamID</th>\n",
       "      <th>lgID</th>\n",
       "      <th>G</th>\n",
       "      <th>AB</th>\n",
       "      <th>R</th>\n",
       "      <th>H</th>\n",
       "      <th>2B</th>\n",
       "      <th>...</th>\n",
       "      <th>RBI</th>\n",
       "      <th>SB</th>\n",
       "      <th>CS</th>\n",
       "      <th>BB</th>\n",
       "      <th>SO</th>\n",
       "      <th>IBB</th>\n",
       "      <th>HBP</th>\n",
       "      <th>SH</th>\n",
       "      <th>SF</th>\n",
       "      <th>GIDP</th>\n",
       "    </tr>\n",
       "  </thead>\n",
       "  <tbody>\n",
       "    <tr>\n",
       "      <th>0</th>\n",
       "      <td>abercda01</td>\n",
       "      <td>1871</td>\n",
       "      <td>1</td>\n",
       "      <td>TRO</td>\n",
       "      <td>NaN</td>\n",
       "      <td>1</td>\n",
       "      <td>4</td>\n",
       "      <td>0</td>\n",
       "      <td>0</td>\n",
       "      <td>0</td>\n",
       "      <td>...</td>\n",
       "      <td>0.0</td>\n",
       "      <td>0.0</td>\n",
       "      <td>0.0</td>\n",
       "      <td>0</td>\n",
       "      <td>0.0</td>\n",
       "      <td>NaN</td>\n",
       "      <td>NaN</td>\n",
       "      <td>NaN</td>\n",
       "      <td>NaN</td>\n",
       "      <td>0.0</td>\n",
       "    </tr>\n",
       "    <tr>\n",
       "      <th>1</th>\n",
       "      <td>addybo01</td>\n",
       "      <td>1871</td>\n",
       "      <td>1</td>\n",
       "      <td>RC1</td>\n",
       "      <td>NaN</td>\n",
       "      <td>25</td>\n",
       "      <td>118</td>\n",
       "      <td>30</td>\n",
       "      <td>32</td>\n",
       "      <td>6</td>\n",
       "      <td>...</td>\n",
       "      <td>13.0</td>\n",
       "      <td>8.0</td>\n",
       "      <td>1.0</td>\n",
       "      <td>4</td>\n",
       "      <td>0.0</td>\n",
       "      <td>NaN</td>\n",
       "      <td>NaN</td>\n",
       "      <td>NaN</td>\n",
       "      <td>NaN</td>\n",
       "      <td>0.0</td>\n",
       "    </tr>\n",
       "    <tr>\n",
       "      <th>2</th>\n",
       "      <td>allisar01</td>\n",
       "      <td>1871</td>\n",
       "      <td>1</td>\n",
       "      <td>CL1</td>\n",
       "      <td>NaN</td>\n",
       "      <td>29</td>\n",
       "      <td>137</td>\n",
       "      <td>28</td>\n",
       "      <td>40</td>\n",
       "      <td>4</td>\n",
       "      <td>...</td>\n",
       "      <td>19.0</td>\n",
       "      <td>3.0</td>\n",
       "      <td>1.0</td>\n",
       "      <td>2</td>\n",
       "      <td>5.0</td>\n",
       "      <td>NaN</td>\n",
       "      <td>NaN</td>\n",
       "      <td>NaN</td>\n",
       "      <td>NaN</td>\n",
       "      <td>1.0</td>\n",
       "    </tr>\n",
       "    <tr>\n",
       "      <th>3</th>\n",
       "      <td>allisdo01</td>\n",
       "      <td>1871</td>\n",
       "      <td>1</td>\n",
       "      <td>WS3</td>\n",
       "      <td>NaN</td>\n",
       "      <td>27</td>\n",
       "      <td>133</td>\n",
       "      <td>28</td>\n",
       "      <td>44</td>\n",
       "      <td>10</td>\n",
       "      <td>...</td>\n",
       "      <td>27.0</td>\n",
       "      <td>1.0</td>\n",
       "      <td>1.0</td>\n",
       "      <td>0</td>\n",
       "      <td>2.0</td>\n",
       "      <td>NaN</td>\n",
       "      <td>NaN</td>\n",
       "      <td>NaN</td>\n",
       "      <td>NaN</td>\n",
       "      <td>0.0</td>\n",
       "    </tr>\n",
       "    <tr>\n",
       "      <th>4</th>\n",
       "      <td>ansonca01</td>\n",
       "      <td>1871</td>\n",
       "      <td>1</td>\n",
       "      <td>RC1</td>\n",
       "      <td>NaN</td>\n",
       "      <td>25</td>\n",
       "      <td>120</td>\n",
       "      <td>29</td>\n",
       "      <td>39</td>\n",
       "      <td>11</td>\n",
       "      <td>...</td>\n",
       "      <td>16.0</td>\n",
       "      <td>6.0</td>\n",
       "      <td>2.0</td>\n",
       "      <td>2</td>\n",
       "      <td>1.0</td>\n",
       "      <td>NaN</td>\n",
       "      <td>NaN</td>\n",
       "      <td>NaN</td>\n",
       "      <td>NaN</td>\n",
       "      <td>0.0</td>\n",
       "    </tr>\n",
       "  </tbody>\n",
       "</table>\n",
       "<p>5 rows × 22 columns</p>\n",
       "</div>"
      ],
      "text/plain": [
       "    playerID  yearID  stint teamID lgID   G   AB   R   H  2B  ...   RBI   SB  \\\n",
       "0  abercda01    1871      1    TRO  NaN   1    4   0   0   0  ...   0.0  0.0   \n",
       "1   addybo01    1871      1    RC1  NaN  25  118  30  32   6  ...  13.0  8.0   \n",
       "2  allisar01    1871      1    CL1  NaN  29  137  28  40   4  ...  19.0  3.0   \n",
       "3  allisdo01    1871      1    WS3  NaN  27  133  28  44  10  ...  27.0  1.0   \n",
       "4  ansonca01    1871      1    RC1  NaN  25  120  29  39  11  ...  16.0  6.0   \n",
       "\n",
       "    CS  BB   SO  IBB  HBP  SH  SF  GIDP  \n",
       "0  0.0   0  0.0  NaN  NaN NaN NaN   0.0  \n",
       "1  1.0   4  0.0  NaN  NaN NaN NaN   0.0  \n",
       "2  1.0   2  5.0  NaN  NaN NaN NaN   1.0  \n",
       "3  1.0   0  2.0  NaN  NaN NaN NaN   0.0  \n",
       "4  2.0   2  1.0  NaN  NaN NaN NaN   0.0  \n",
       "\n",
       "[5 rows x 22 columns]"
      ]
     },
     "execution_count": 2,
     "metadata": {},
     "output_type": "execute_result"
    }
   ],
   "source": [
    "# Store filepath in a variable\n",
    "batting_data = \"Resources/Batting.csv\"\n",
    "# Read our Data file with the pandas library\n",
    "# Not every CSV requires an encoding, but be aware this can come up\n",
    "batting_data = pd.read_csv(batting_data, encoding=\"ISO-8859-1\")\n",
    "batting_data.head()"
   ]
  },
  {
   "cell_type": "code",
   "execution_count": 3,
   "metadata": {},
   "outputs": [
    {
     "data": {
      "text/html": [
       "<div>\n",
       "<style scoped>\n",
       "    .dataframe tbody tr th:only-of-type {\n",
       "        vertical-align: middle;\n",
       "    }\n",
       "\n",
       "    .dataframe tbody tr th {\n",
       "        vertical-align: top;\n",
       "    }\n",
       "\n",
       "    .dataframe thead th {\n",
       "        text-align: right;\n",
       "    }\n",
       "</style>\n",
       "<table border=\"1\" class=\"dataframe\">\n",
       "  <thead>\n",
       "    <tr style=\"text-align: right;\">\n",
       "      <th></th>\n",
       "      <th>playerID</th>\n",
       "      <th>yearID</th>\n",
       "      <th>stint</th>\n",
       "      <th>teamID</th>\n",
       "      <th>lgID</th>\n",
       "      <th>G</th>\n",
       "      <th>AB</th>\n",
       "      <th>R</th>\n",
       "      <th>H</th>\n",
       "      <th>2B</th>\n",
       "      <th>...</th>\n",
       "      <th>RBI</th>\n",
       "      <th>SB</th>\n",
       "      <th>CS</th>\n",
       "      <th>BB</th>\n",
       "      <th>SO</th>\n",
       "      <th>IBB</th>\n",
       "      <th>HBP</th>\n",
       "      <th>SH</th>\n",
       "      <th>SF</th>\n",
       "      <th>GIDP</th>\n",
       "    </tr>\n",
       "  </thead>\n",
       "  <tbody>\n",
       "    <tr>\n",
       "      <th>92866</th>\n",
       "      <td>aardsda01</td>\n",
       "      <td>2010</td>\n",
       "      <td>1</td>\n",
       "      <td>SEA</td>\n",
       "      <td>AL</td>\n",
       "      <td>53</td>\n",
       "      <td>0</td>\n",
       "      <td>0</td>\n",
       "      <td>0</td>\n",
       "      <td>0</td>\n",
       "      <td>...</td>\n",
       "      <td>0.0</td>\n",
       "      <td>0.0</td>\n",
       "      <td>0.0</td>\n",
       "      <td>0</td>\n",
       "      <td>0.0</td>\n",
       "      <td>0.0</td>\n",
       "      <td>0.0</td>\n",
       "      <td>0.0</td>\n",
       "      <td>0.0</td>\n",
       "      <td>0.0</td>\n",
       "    </tr>\n",
       "    <tr>\n",
       "      <th>92867</th>\n",
       "      <td>abadfe01</td>\n",
       "      <td>2010</td>\n",
       "      <td>1</td>\n",
       "      <td>HOU</td>\n",
       "      <td>NL</td>\n",
       "      <td>22</td>\n",
       "      <td>1</td>\n",
       "      <td>0</td>\n",
       "      <td>0</td>\n",
       "      <td>0</td>\n",
       "      <td>...</td>\n",
       "      <td>0.0</td>\n",
       "      <td>0.0</td>\n",
       "      <td>0.0</td>\n",
       "      <td>0</td>\n",
       "      <td>1.0</td>\n",
       "      <td>0.0</td>\n",
       "      <td>0.0</td>\n",
       "      <td>0.0</td>\n",
       "      <td>0.0</td>\n",
       "      <td>0.0</td>\n",
       "    </tr>\n",
       "    <tr>\n",
       "      <th>92868</th>\n",
       "      <td>abreubo01</td>\n",
       "      <td>2010</td>\n",
       "      <td>1</td>\n",
       "      <td>LAA</td>\n",
       "      <td>AL</td>\n",
       "      <td>154</td>\n",
       "      <td>573</td>\n",
       "      <td>88</td>\n",
       "      <td>146</td>\n",
       "      <td>41</td>\n",
       "      <td>...</td>\n",
       "      <td>78.0</td>\n",
       "      <td>24.0</td>\n",
       "      <td>10.0</td>\n",
       "      <td>87</td>\n",
       "      <td>132.0</td>\n",
       "      <td>3.0</td>\n",
       "      <td>2.0</td>\n",
       "      <td>0.0</td>\n",
       "      <td>5.0</td>\n",
       "      <td>13.0</td>\n",
       "    </tr>\n",
       "    <tr>\n",
       "      <th>92869</th>\n",
       "      <td>abreuto01</td>\n",
       "      <td>2010</td>\n",
       "      <td>1</td>\n",
       "      <td>ARI</td>\n",
       "      <td>NL</td>\n",
       "      <td>81</td>\n",
       "      <td>193</td>\n",
       "      <td>16</td>\n",
       "      <td>45</td>\n",
       "      <td>11</td>\n",
       "      <td>...</td>\n",
       "      <td>13.0</td>\n",
       "      <td>2.0</td>\n",
       "      <td>1.0</td>\n",
       "      <td>4</td>\n",
       "      <td>47.0</td>\n",
       "      <td>0.0</td>\n",
       "      <td>0.0</td>\n",
       "      <td>0.0</td>\n",
       "      <td>4.0</td>\n",
       "      <td>8.0</td>\n",
       "    </tr>\n",
       "    <tr>\n",
       "      <th>92870</th>\n",
       "      <td>accarje01</td>\n",
       "      <td>2010</td>\n",
       "      <td>1</td>\n",
       "      <td>TOR</td>\n",
       "      <td>AL</td>\n",
       "      <td>5</td>\n",
       "      <td>0</td>\n",
       "      <td>0</td>\n",
       "      <td>0</td>\n",
       "      <td>0</td>\n",
       "      <td>...</td>\n",
       "      <td>0.0</td>\n",
       "      <td>0.0</td>\n",
       "      <td>0.0</td>\n",
       "      <td>0</td>\n",
       "      <td>0.0</td>\n",
       "      <td>0.0</td>\n",
       "      <td>0.0</td>\n",
       "      <td>0.0</td>\n",
       "      <td>0.0</td>\n",
       "      <td>0.0</td>\n",
       "    </tr>\n",
       "  </tbody>\n",
       "</table>\n",
       "<p>5 rows × 22 columns</p>\n",
       "</div>"
      ],
      "text/plain": [
       "        playerID  yearID  stint teamID lgID    G   AB   R    H  2B  ...   RBI  \\\n",
       "92866  aardsda01    2010      1    SEA   AL   53    0   0    0   0  ...   0.0   \n",
       "92867   abadfe01    2010      1    HOU   NL   22    1   0    0   0  ...   0.0   \n",
       "92868  abreubo01    2010      1    LAA   AL  154  573  88  146  41  ...  78.0   \n",
       "92869  abreuto01    2010      1    ARI   NL   81  193  16   45  11  ...  13.0   \n",
       "92870  accarje01    2010      1    TOR   AL    5    0   0    0   0  ...   0.0   \n",
       "\n",
       "         SB    CS  BB     SO  IBB  HBP   SH   SF  GIDP  \n",
       "92866   0.0   0.0   0    0.0  0.0  0.0  0.0  0.0   0.0  \n",
       "92867   0.0   0.0   0    1.0  0.0  0.0  0.0  0.0   0.0  \n",
       "92868  24.0  10.0  87  132.0  3.0  2.0  0.0  5.0  13.0  \n",
       "92869   2.0   1.0   4   47.0  0.0  0.0  0.0  4.0   8.0  \n",
       "92870   0.0   0.0   0    0.0  0.0  0.0  0.0  0.0   0.0  \n",
       "\n",
       "[5 rows x 22 columns]"
      ]
     },
     "execution_count": 3,
     "metadata": {},
     "output_type": "execute_result"
    }
   ],
   "source": [
    "#filter data by year\n",
    "batting_df = batting_data [(2009 < batting_data[\"yearID\"]) & (batting_data[\"yearID\"] < 2016)]\n",
    "batting_df.head()"
   ]
  },
  {
   "cell_type": "code",
   "execution_count": 4,
   "metadata": {},
   "outputs": [
    {
     "data": {
      "text/plain": [
       "31"
      ]
     },
     "execution_count": 4,
     "metadata": {},
     "output_type": "execute_result"
    }
   ],
   "source": [
    "#count amount of teams from 2010 - 2015\n",
    "team = batting_df[\"teamID\"].nunique()\n",
    "team"
   ]
  },
  {
   "cell_type": "code",
   "execution_count": 5,
   "metadata": {},
   "outputs": [
    {
     "data": {
      "text/html": [
       "<div>\n",
       "<style scoped>\n",
       "    .dataframe tbody tr th:only-of-type {\n",
       "        vertical-align: middle;\n",
       "    }\n",
       "\n",
       "    .dataframe tbody tr th {\n",
       "        vertical-align: top;\n",
       "    }\n",
       "\n",
       "    .dataframe thead th {\n",
       "        text-align: right;\n",
       "    }\n",
       "</style>\n",
       "<table border=\"1\" class=\"dataframe\">\n",
       "  <thead>\n",
       "    <tr style=\"text-align: right;\">\n",
       "      <th></th>\n",
       "      <th>Team</th>\n",
       "      <th>Hits</th>\n",
       "      <th>Runs</th>\n",
       "      <th>Home Runs</th>\n",
       "      <th>Strike Outs</th>\n",
       "    </tr>\n",
       "  </thead>\n",
       "  <tbody>\n",
       "    <tr>\n",
       "      <th>92866</th>\n",
       "      <td>SEA</td>\n",
       "      <td>0</td>\n",
       "      <td>0</td>\n",
       "      <td>0</td>\n",
       "      <td>0.0</td>\n",
       "    </tr>\n",
       "    <tr>\n",
       "      <th>92867</th>\n",
       "      <td>HOU</td>\n",
       "      <td>0</td>\n",
       "      <td>0</td>\n",
       "      <td>0</td>\n",
       "      <td>1.0</td>\n",
       "    </tr>\n",
       "    <tr>\n",
       "      <th>92868</th>\n",
       "      <td>LAA</td>\n",
       "      <td>146</td>\n",
       "      <td>88</td>\n",
       "      <td>20</td>\n",
       "      <td>132.0</td>\n",
       "    </tr>\n",
       "    <tr>\n",
       "      <th>92869</th>\n",
       "      <td>ARI</td>\n",
       "      <td>45</td>\n",
       "      <td>16</td>\n",
       "      <td>1</td>\n",
       "      <td>47.0</td>\n",
       "    </tr>\n",
       "    <tr>\n",
       "      <th>92870</th>\n",
       "      <td>TOR</td>\n",
       "      <td>0</td>\n",
       "      <td>0</td>\n",
       "      <td>0</td>\n",
       "      <td>0.0</td>\n",
       "    </tr>\n",
       "  </tbody>\n",
       "</table>\n",
       "</div>"
      ],
      "text/plain": [
       "      Team  Hits  Runs  Home Runs  Strike Outs\n",
       "92866  SEA     0     0          0          0.0\n",
       "92867  HOU     0     0          0          1.0\n",
       "92868  LAA   146    88         20        132.0\n",
       "92869  ARI    45    16          1         47.0\n",
       "92870  TOR     0     0          0          0.0"
      ]
     },
     "execution_count": 5,
     "metadata": {},
     "output_type": "execute_result"
    }
   ],
   "source": [
    "#Change the name of columns needed\n",
    "bat_team_df = batting_df[[\"teamID\", \"H\", \"R\", \"HR\", \"SO\"]]\n",
    "bat_renamed_df = bat_team_df.rename(columns={\"teamID\":\"Team\", \"H\": \"Hits\", \"R\":\"Runs\", \"HR\":\"Home Runs\", \"SO\":\"Strike Outs\"})\n",
    "bat_renamed_df.head()\n"
   ]
  },
  {
   "cell_type": "code",
   "execution_count": 13,
   "metadata": {},
   "outputs": [
    {
     "data": {
      "text/html": [
       "<div>\n",
       "<style scoped>\n",
       "    .dataframe tbody tr th:only-of-type {\n",
       "        vertical-align: middle;\n",
       "    }\n",
       "\n",
       "    .dataframe tbody tr th {\n",
       "        vertical-align: top;\n",
       "    }\n",
       "\n",
       "    .dataframe thead th {\n",
       "        text-align: right;\n",
       "    }\n",
       "</style>\n",
       "<table border=\"1\" class=\"dataframe\">\n",
       "  <thead>\n",
       "    <tr style=\"text-align: right;\">\n",
       "      <th></th>\n",
       "      <th>Hits</th>\n",
       "      <th>Runs</th>\n",
       "      <th>Home Runs</th>\n",
       "      <th>Strike Outs</th>\n",
       "    </tr>\n",
       "    <tr>\n",
       "      <th>Team</th>\n",
       "      <th></th>\n",
       "      <th></th>\n",
       "      <th></th>\n",
       "      <th></th>\n",
       "    </tr>\n",
       "  </thead>\n",
       "  <tbody>\n",
       "    <tr>\n",
       "      <th>ARI</th>\n",
       "      <td>28.843537</td>\n",
       "      <td>14.278912</td>\n",
       "      <td>3.125850</td>\n",
       "      <td>26.064626</td>\n",
       "    </tr>\n",
       "    <tr>\n",
       "      <th>ATL</th>\n",
       "      <td>29.882353</td>\n",
       "      <td>14.386029</td>\n",
       "      <td>3.180147</td>\n",
       "      <td>27.753676</td>\n",
       "    </tr>\n",
       "    <tr>\n",
       "      <th>BAL</th>\n",
       "      <td>29.254296</td>\n",
       "      <td>14.419244</td>\n",
       "      <td>4.048110</td>\n",
       "      <td>24.852234</td>\n",
       "    </tr>\n",
       "    <tr>\n",
       "      <th>BOS</th>\n",
       "      <td>28.801282</td>\n",
       "      <td>14.942308</td>\n",
       "      <td>3.336538</td>\n",
       "      <td>23.198718</td>\n",
       "    </tr>\n",
       "    <tr>\n",
       "      <th>CHA</th>\n",
       "      <td>32.670543</td>\n",
       "      <td>15.635659</td>\n",
       "      <td>3.802326</td>\n",
       "      <td>26.798450</td>\n",
       "    </tr>\n",
       "    <tr>\n",
       "      <th>CHN</th>\n",
       "      <td>27.634812</td>\n",
       "      <td>13.163823</td>\n",
       "      <td>3.187713</td>\n",
       "      <td>26.955631</td>\n",
       "    </tr>\n",
       "    <tr>\n",
       "      <th>CIN</th>\n",
       "      <td>32.418605</td>\n",
       "      <td>15.996124</td>\n",
       "      <td>3.860465</td>\n",
       "      <td>29.015504</td>\n",
       "    </tr>\n",
       "    <tr>\n",
       "      <th>CLE</th>\n",
       "      <td>29.413428</td>\n",
       "      <td>14.487633</td>\n",
       "      <td>3.081272</td>\n",
       "      <td>25.332155</td>\n",
       "    </tr>\n",
       "    <tr>\n",
       "      <th>COL</th>\n",
       "      <td>30.855172</td>\n",
       "      <td>15.382759</td>\n",
       "      <td>3.562069</td>\n",
       "      <td>25.710345</td>\n",
       "    </tr>\n",
       "    <tr>\n",
       "      <th>DET</th>\n",
       "      <td>34.528090</td>\n",
       "      <td>16.876404</td>\n",
       "      <td>3.617978</td>\n",
       "      <td>25.726592</td>\n",
       "    </tr>\n",
       "    <tr>\n",
       "      <th>FLO</th>\n",
       "      <td>27.336634</td>\n",
       "      <td>13.306931</td>\n",
       "      <td>2.980198</td>\n",
       "      <td>25.930693</td>\n",
       "    </tr>\n",
       "    <tr>\n",
       "      <th>HOU</th>\n",
       "      <td>27.865052</td>\n",
       "      <td>13.069204</td>\n",
       "      <td>3.079585</td>\n",
       "      <td>27.415225</td>\n",
       "    </tr>\n",
       "    <tr>\n",
       "      <th>KCA</th>\n",
       "      <td>33.266667</td>\n",
       "      <td>15.203704</td>\n",
       "      <td>2.692593</td>\n",
       "      <td>22.033333</td>\n",
       "    </tr>\n",
       "    <tr>\n",
       "      <th>LAA</th>\n",
       "      <td>29.673611</td>\n",
       "      <td>14.868056</td>\n",
       "      <td>3.444444</td>\n",
       "      <td>23.979167</td>\n",
       "    </tr>\n",
       "    <tr>\n",
       "      <th>LAN</th>\n",
       "      <td>28.003333</td>\n",
       "      <td>13.273333</td>\n",
       "      <td>2.706667</td>\n",
       "      <td>23.590000</td>\n",
       "    </tr>\n",
       "    <tr>\n",
       "      <th>MIA</th>\n",
       "      <td>27.850515</td>\n",
       "      <td>12.268041</td>\n",
       "      <td>2.443299</td>\n",
       "      <td>25.922680</td>\n",
       "    </tr>\n",
       "    <tr>\n",
       "      <th>MIL</th>\n",
       "      <td>31.804511</td>\n",
       "      <td>15.759398</td>\n",
       "      <td>3.838346</td>\n",
       "      <td>27.135338</td>\n",
       "    </tr>\n",
       "    <tr>\n",
       "      <th>MIN</th>\n",
       "      <td>31.233333</td>\n",
       "      <td>15.281481</td>\n",
       "      <td>3.003704</td>\n",
       "      <td>26.322222</td>\n",
       "    </tr>\n",
       "    <tr>\n",
       "      <th>NYA</th>\n",
       "      <td>27.666667</td>\n",
       "      <td>14.957516</td>\n",
       "      <td>3.826797</td>\n",
       "      <td>22.954248</td>\n",
       "    </tr>\n",
       "    <tr>\n",
       "      <th>NYN</th>\n",
       "      <td>28.172414</td>\n",
       "      <td>13.637931</td>\n",
       "      <td>2.782759</td>\n",
       "      <td>25.406897</td>\n",
       "    </tr>\n",
       "    <tr>\n",
       "      <th>OAK</th>\n",
       "      <td>28.384083</td>\n",
       "      <td>14.570934</td>\n",
       "      <td>3.100346</td>\n",
       "      <td>24.024221</td>\n",
       "    </tr>\n",
       "    <tr>\n",
       "      <th>PHI</th>\n",
       "      <td>29.537102</td>\n",
       "      <td>14.219081</td>\n",
       "      <td>3.081272</td>\n",
       "      <td>24.618375</td>\n",
       "    </tr>\n",
       "    <tr>\n",
       "      <th>PIT</th>\n",
       "      <td>27.935154</td>\n",
       "      <td>13.177474</td>\n",
       "      <td>2.935154</td>\n",
       "      <td>26.501706</td>\n",
       "    </tr>\n",
       "    <tr>\n",
       "      <th>SDN</th>\n",
       "      <td>27.484211</td>\n",
       "      <td>13.024561</td>\n",
       "      <td>2.621053</td>\n",
       "      <td>26.915789</td>\n",
       "    </tr>\n",
       "    <tr>\n",
       "      <th>SEA</th>\n",
       "      <td>28.638686</td>\n",
       "      <td>13.145985</td>\n",
       "      <td>3.215328</td>\n",
       "      <td>27.897810</td>\n",
       "    </tr>\n",
       "    <tr>\n",
       "      <th>SFN</th>\n",
       "      <td>31.866171</td>\n",
       "      <td>14.776952</td>\n",
       "      <td>2.828996</td>\n",
       "      <td>25.278810</td>\n",
       "    </tr>\n",
       "    <tr>\n",
       "      <th>SLN</th>\n",
       "      <td>32.513011</td>\n",
       "      <td>16.029740</td>\n",
       "      <td>3.115242</td>\n",
       "      <td>24.933086</td>\n",
       "    </tr>\n",
       "    <tr>\n",
       "      <th>TBA</th>\n",
       "      <td>31.492248</td>\n",
       "      <td>16.131783</td>\n",
       "      <td>3.705426</td>\n",
       "      <td>28.732558</td>\n",
       "    </tr>\n",
       "    <tr>\n",
       "      <th>TEX</th>\n",
       "      <td>29.983278</td>\n",
       "      <td>15.277592</td>\n",
       "      <td>3.448161</td>\n",
       "      <td>21.675585</td>\n",
       "    </tr>\n",
       "    <tr>\n",
       "      <th>TOR</th>\n",
       "      <td>27.032154</td>\n",
       "      <td>14.598071</td>\n",
       "      <td>3.971061</td>\n",
       "      <td>22.585209</td>\n",
       "    </tr>\n",
       "    <tr>\n",
       "      <th>WAS</th>\n",
       "      <td>31.697318</td>\n",
       "      <td>15.536398</td>\n",
       "      <td>3.781609</td>\n",
       "      <td>29.532567</td>\n",
       "    </tr>\n",
       "  </tbody>\n",
       "</table>\n",
       "</div>"
      ],
      "text/plain": [
       "           Hits       Runs  Home Runs  Strike Outs\n",
       "Team                                              \n",
       "ARI   28.843537  14.278912   3.125850    26.064626\n",
       "ATL   29.882353  14.386029   3.180147    27.753676\n",
       "BAL   29.254296  14.419244   4.048110    24.852234\n",
       "BOS   28.801282  14.942308   3.336538    23.198718\n",
       "CHA   32.670543  15.635659   3.802326    26.798450\n",
       "CHN   27.634812  13.163823   3.187713    26.955631\n",
       "CIN   32.418605  15.996124   3.860465    29.015504\n",
       "CLE   29.413428  14.487633   3.081272    25.332155\n",
       "COL   30.855172  15.382759   3.562069    25.710345\n",
       "DET   34.528090  16.876404   3.617978    25.726592\n",
       "FLO   27.336634  13.306931   2.980198    25.930693\n",
       "HOU   27.865052  13.069204   3.079585    27.415225\n",
       "KCA   33.266667  15.203704   2.692593    22.033333\n",
       "LAA   29.673611  14.868056   3.444444    23.979167\n",
       "LAN   28.003333  13.273333   2.706667    23.590000\n",
       "MIA   27.850515  12.268041   2.443299    25.922680\n",
       "MIL   31.804511  15.759398   3.838346    27.135338\n",
       "MIN   31.233333  15.281481   3.003704    26.322222\n",
       "NYA   27.666667  14.957516   3.826797    22.954248\n",
       "NYN   28.172414  13.637931   2.782759    25.406897\n",
       "OAK   28.384083  14.570934   3.100346    24.024221\n",
       "PHI   29.537102  14.219081   3.081272    24.618375\n",
       "PIT   27.935154  13.177474   2.935154    26.501706\n",
       "SDN   27.484211  13.024561   2.621053    26.915789\n",
       "SEA   28.638686  13.145985   3.215328    27.897810\n",
       "SFN   31.866171  14.776952   2.828996    25.278810\n",
       "SLN   32.513011  16.029740   3.115242    24.933086\n",
       "TBA   31.492248  16.131783   3.705426    28.732558\n",
       "TEX   29.983278  15.277592   3.448161    21.675585\n",
       "TOR   27.032154  14.598071   3.971061    22.585209\n",
       "WAS   31.697318  15.536398   3.781609    29.532567"
      ]
     },
     "execution_count": 13,
     "metadata": {},
     "output_type": "execute_result"
    }
   ],
   "source": [
    "#Find the mean of hits, runs homeruns & strike outs\n",
    "batting_group = bat_renamed_df.groupby(\"Team\")\n",
    "batting_group.head()\n",
    "batting = batting_group.mean()\n",
    "batting"
   ]
  },
  {
   "cell_type": "code",
   "execution_count": 14,
   "metadata": {},
   "outputs": [
    {
     "data": {
      "text/html": [
       "<div>\n",
       "<style scoped>\n",
       "    .dataframe tbody tr th:only-of-type {\n",
       "        vertical-align: middle;\n",
       "    }\n",
       "\n",
       "    .dataframe tbody tr th {\n",
       "        vertical-align: top;\n",
       "    }\n",
       "\n",
       "    .dataframe thead th {\n",
       "        text-align: right;\n",
       "    }\n",
       "</style>\n",
       "<table border=\"1\" class=\"dataframe\">\n",
       "  <thead>\n",
       "    <tr style=\"text-align: right;\">\n",
       "      <th></th>\n",
       "      <th>Hits</th>\n",
       "      <th>Runs</th>\n",
       "      <th>Home Runs</th>\n",
       "      <th>Strike Outs</th>\n",
       "    </tr>\n",
       "    <tr>\n",
       "      <th>Team</th>\n",
       "      <th></th>\n",
       "      <th></th>\n",
       "      <th></th>\n",
       "      <th></th>\n",
       "    </tr>\n",
       "  </thead>\n",
       "  <tbody>\n",
       "    <tr>\n",
       "      <th>DET</th>\n",
       "      <td>34.528090</td>\n",
       "      <td>16.876404</td>\n",
       "      <td>3.617978</td>\n",
       "      <td>25.726592</td>\n",
       "    </tr>\n",
       "    <tr>\n",
       "      <th>TBA</th>\n",
       "      <td>31.492248</td>\n",
       "      <td>16.131783</td>\n",
       "      <td>3.705426</td>\n",
       "      <td>28.732558</td>\n",
       "    </tr>\n",
       "    <tr>\n",
       "      <th>SLN</th>\n",
       "      <td>32.513011</td>\n",
       "      <td>16.029740</td>\n",
       "      <td>3.115242</td>\n",
       "      <td>24.933086</td>\n",
       "    </tr>\n",
       "    <tr>\n",
       "      <th>CIN</th>\n",
       "      <td>32.418605</td>\n",
       "      <td>15.996124</td>\n",
       "      <td>3.860465</td>\n",
       "      <td>29.015504</td>\n",
       "    </tr>\n",
       "    <tr>\n",
       "      <th>MIL</th>\n",
       "      <td>31.804511</td>\n",
       "      <td>15.759398</td>\n",
       "      <td>3.838346</td>\n",
       "      <td>27.135338</td>\n",
       "    </tr>\n",
       "    <tr>\n",
       "      <th>CHA</th>\n",
       "      <td>32.670543</td>\n",
       "      <td>15.635659</td>\n",
       "      <td>3.802326</td>\n",
       "      <td>26.798450</td>\n",
       "    </tr>\n",
       "    <tr>\n",
       "      <th>WAS</th>\n",
       "      <td>31.697318</td>\n",
       "      <td>15.536398</td>\n",
       "      <td>3.781609</td>\n",
       "      <td>29.532567</td>\n",
       "    </tr>\n",
       "    <tr>\n",
       "      <th>COL</th>\n",
       "      <td>30.855172</td>\n",
       "      <td>15.382759</td>\n",
       "      <td>3.562069</td>\n",
       "      <td>25.710345</td>\n",
       "    </tr>\n",
       "    <tr>\n",
       "      <th>MIN</th>\n",
       "      <td>31.233333</td>\n",
       "      <td>15.281481</td>\n",
       "      <td>3.003704</td>\n",
       "      <td>26.322222</td>\n",
       "    </tr>\n",
       "    <tr>\n",
       "      <th>TEX</th>\n",
       "      <td>29.983278</td>\n",
       "      <td>15.277592</td>\n",
       "      <td>3.448161</td>\n",
       "      <td>21.675585</td>\n",
       "    </tr>\n",
       "    <tr>\n",
       "      <th>KCA</th>\n",
       "      <td>33.266667</td>\n",
       "      <td>15.203704</td>\n",
       "      <td>2.692593</td>\n",
       "      <td>22.033333</td>\n",
       "    </tr>\n",
       "    <tr>\n",
       "      <th>NYA</th>\n",
       "      <td>27.666667</td>\n",
       "      <td>14.957516</td>\n",
       "      <td>3.826797</td>\n",
       "      <td>22.954248</td>\n",
       "    </tr>\n",
       "    <tr>\n",
       "      <th>BOS</th>\n",
       "      <td>28.801282</td>\n",
       "      <td>14.942308</td>\n",
       "      <td>3.336538</td>\n",
       "      <td>23.198718</td>\n",
       "    </tr>\n",
       "    <tr>\n",
       "      <th>LAA</th>\n",
       "      <td>29.673611</td>\n",
       "      <td>14.868056</td>\n",
       "      <td>3.444444</td>\n",
       "      <td>23.979167</td>\n",
       "    </tr>\n",
       "    <tr>\n",
       "      <th>SFN</th>\n",
       "      <td>31.866171</td>\n",
       "      <td>14.776952</td>\n",
       "      <td>2.828996</td>\n",
       "      <td>25.278810</td>\n",
       "    </tr>\n",
       "    <tr>\n",
       "      <th>TOR</th>\n",
       "      <td>27.032154</td>\n",
       "      <td>14.598071</td>\n",
       "      <td>3.971061</td>\n",
       "      <td>22.585209</td>\n",
       "    </tr>\n",
       "    <tr>\n",
       "      <th>OAK</th>\n",
       "      <td>28.384083</td>\n",
       "      <td>14.570934</td>\n",
       "      <td>3.100346</td>\n",
       "      <td>24.024221</td>\n",
       "    </tr>\n",
       "    <tr>\n",
       "      <th>CLE</th>\n",
       "      <td>29.413428</td>\n",
       "      <td>14.487633</td>\n",
       "      <td>3.081272</td>\n",
       "      <td>25.332155</td>\n",
       "    </tr>\n",
       "    <tr>\n",
       "      <th>BAL</th>\n",
       "      <td>29.254296</td>\n",
       "      <td>14.419244</td>\n",
       "      <td>4.048110</td>\n",
       "      <td>24.852234</td>\n",
       "    </tr>\n",
       "    <tr>\n",
       "      <th>ATL</th>\n",
       "      <td>29.882353</td>\n",
       "      <td>14.386029</td>\n",
       "      <td>3.180147</td>\n",
       "      <td>27.753676</td>\n",
       "    </tr>\n",
       "    <tr>\n",
       "      <th>ARI</th>\n",
       "      <td>28.843537</td>\n",
       "      <td>14.278912</td>\n",
       "      <td>3.125850</td>\n",
       "      <td>26.064626</td>\n",
       "    </tr>\n",
       "    <tr>\n",
       "      <th>PHI</th>\n",
       "      <td>29.537102</td>\n",
       "      <td>14.219081</td>\n",
       "      <td>3.081272</td>\n",
       "      <td>24.618375</td>\n",
       "    </tr>\n",
       "    <tr>\n",
       "      <th>NYN</th>\n",
       "      <td>28.172414</td>\n",
       "      <td>13.637931</td>\n",
       "      <td>2.782759</td>\n",
       "      <td>25.406897</td>\n",
       "    </tr>\n",
       "    <tr>\n",
       "      <th>FLO</th>\n",
       "      <td>27.336634</td>\n",
       "      <td>13.306931</td>\n",
       "      <td>2.980198</td>\n",
       "      <td>25.930693</td>\n",
       "    </tr>\n",
       "    <tr>\n",
       "      <th>LAN</th>\n",
       "      <td>28.003333</td>\n",
       "      <td>13.273333</td>\n",
       "      <td>2.706667</td>\n",
       "      <td>23.590000</td>\n",
       "    </tr>\n",
       "    <tr>\n",
       "      <th>PIT</th>\n",
       "      <td>27.935154</td>\n",
       "      <td>13.177474</td>\n",
       "      <td>2.935154</td>\n",
       "      <td>26.501706</td>\n",
       "    </tr>\n",
       "    <tr>\n",
       "      <th>CHN</th>\n",
       "      <td>27.634812</td>\n",
       "      <td>13.163823</td>\n",
       "      <td>3.187713</td>\n",
       "      <td>26.955631</td>\n",
       "    </tr>\n",
       "    <tr>\n",
       "      <th>SEA</th>\n",
       "      <td>28.638686</td>\n",
       "      <td>13.145985</td>\n",
       "      <td>3.215328</td>\n",
       "      <td>27.897810</td>\n",
       "    </tr>\n",
       "    <tr>\n",
       "      <th>HOU</th>\n",
       "      <td>27.865052</td>\n",
       "      <td>13.069204</td>\n",
       "      <td>3.079585</td>\n",
       "      <td>27.415225</td>\n",
       "    </tr>\n",
       "    <tr>\n",
       "      <th>SDN</th>\n",
       "      <td>27.484211</td>\n",
       "      <td>13.024561</td>\n",
       "      <td>2.621053</td>\n",
       "      <td>26.915789</td>\n",
       "    </tr>\n",
       "    <tr>\n",
       "      <th>MIA</th>\n",
       "      <td>27.850515</td>\n",
       "      <td>12.268041</td>\n",
       "      <td>2.443299</td>\n",
       "      <td>25.922680</td>\n",
       "    </tr>\n",
       "  </tbody>\n",
       "</table>\n",
       "</div>"
      ],
      "text/plain": [
       "           Hits       Runs  Home Runs  Strike Outs\n",
       "Team                                              \n",
       "DET   34.528090  16.876404   3.617978    25.726592\n",
       "TBA   31.492248  16.131783   3.705426    28.732558\n",
       "SLN   32.513011  16.029740   3.115242    24.933086\n",
       "CIN   32.418605  15.996124   3.860465    29.015504\n",
       "MIL   31.804511  15.759398   3.838346    27.135338\n",
       "CHA   32.670543  15.635659   3.802326    26.798450\n",
       "WAS   31.697318  15.536398   3.781609    29.532567\n",
       "COL   30.855172  15.382759   3.562069    25.710345\n",
       "MIN   31.233333  15.281481   3.003704    26.322222\n",
       "TEX   29.983278  15.277592   3.448161    21.675585\n",
       "KCA   33.266667  15.203704   2.692593    22.033333\n",
       "NYA   27.666667  14.957516   3.826797    22.954248\n",
       "BOS   28.801282  14.942308   3.336538    23.198718\n",
       "LAA   29.673611  14.868056   3.444444    23.979167\n",
       "SFN   31.866171  14.776952   2.828996    25.278810\n",
       "TOR   27.032154  14.598071   3.971061    22.585209\n",
       "OAK   28.384083  14.570934   3.100346    24.024221\n",
       "CLE   29.413428  14.487633   3.081272    25.332155\n",
       "BAL   29.254296  14.419244   4.048110    24.852234\n",
       "ATL   29.882353  14.386029   3.180147    27.753676\n",
       "ARI   28.843537  14.278912   3.125850    26.064626\n",
       "PHI   29.537102  14.219081   3.081272    24.618375\n",
       "NYN   28.172414  13.637931   2.782759    25.406897\n",
       "FLO   27.336634  13.306931   2.980198    25.930693\n",
       "LAN   28.003333  13.273333   2.706667    23.590000\n",
       "PIT   27.935154  13.177474   2.935154    26.501706\n",
       "CHN   27.634812  13.163823   3.187713    26.955631\n",
       "SEA   28.638686  13.145985   3.215328    27.897810\n",
       "HOU   27.865052  13.069204   3.079585    27.415225\n",
       "SDN   27.484211  13.024561   2.621053    26.915789\n",
       "MIA   27.850515  12.268041   2.443299    25.922680"
      ]
     },
     "execution_count": 14,
     "metadata": {},
     "output_type": "execute_result"
    }
   ],
   "source": [
    "# Sort the DataFrame by the values in the \"Runs\" column to find the most\n",
    "bat_runs = batting.sort_values(\"Runs\", ascending=False)\n",
    "bat_runs"
   ]
  },
  {
   "cell_type": "markdown",
   "metadata": {},
   "source": [
    "# Find Best Pitching Team"
   ]
  },
  {
   "cell_type": "code",
   "execution_count": 8,
   "metadata": {},
   "outputs": [
    {
     "data": {
      "text/html": [
       "<div>\n",
       "<style scoped>\n",
       "    .dataframe tbody tr th:only-of-type {\n",
       "        vertical-align: middle;\n",
       "    }\n",
       "\n",
       "    .dataframe tbody tr th {\n",
       "        vertical-align: top;\n",
       "    }\n",
       "\n",
       "    .dataframe thead th {\n",
       "        text-align: right;\n",
       "    }\n",
       "</style>\n",
       "<table border=\"1\" class=\"dataframe\">\n",
       "  <thead>\n",
       "    <tr style=\"text-align: right;\">\n",
       "      <th></th>\n",
       "      <th>playerID</th>\n",
       "      <th>yearID</th>\n",
       "      <th>stint</th>\n",
       "      <th>teamID</th>\n",
       "      <th>lgID</th>\n",
       "      <th>W</th>\n",
       "      <th>L</th>\n",
       "      <th>G</th>\n",
       "      <th>GS</th>\n",
       "      <th>CG</th>\n",
       "      <th>...</th>\n",
       "      <th>IBB</th>\n",
       "      <th>WP</th>\n",
       "      <th>HBP</th>\n",
       "      <th>BK</th>\n",
       "      <th>BFP</th>\n",
       "      <th>GF</th>\n",
       "      <th>R</th>\n",
       "      <th>SH</th>\n",
       "      <th>SF</th>\n",
       "      <th>GIDP</th>\n",
       "    </tr>\n",
       "  </thead>\n",
       "  <tbody>\n",
       "    <tr>\n",
       "      <th>0</th>\n",
       "      <td>bechtge01</td>\n",
       "      <td>1871</td>\n",
       "      <td>1</td>\n",
       "      <td>PH1</td>\n",
       "      <td>NaN</td>\n",
       "      <td>1</td>\n",
       "      <td>2</td>\n",
       "      <td>3</td>\n",
       "      <td>3</td>\n",
       "      <td>2</td>\n",
       "      <td>...</td>\n",
       "      <td>NaN</td>\n",
       "      <td>7</td>\n",
       "      <td>NaN</td>\n",
       "      <td>0</td>\n",
       "      <td>146.0</td>\n",
       "      <td>0</td>\n",
       "      <td>42</td>\n",
       "      <td>NaN</td>\n",
       "      <td>NaN</td>\n",
       "      <td>NaN</td>\n",
       "    </tr>\n",
       "    <tr>\n",
       "      <th>1</th>\n",
       "      <td>brainas01</td>\n",
       "      <td>1871</td>\n",
       "      <td>1</td>\n",
       "      <td>WS3</td>\n",
       "      <td>NaN</td>\n",
       "      <td>12</td>\n",
       "      <td>15</td>\n",
